45124
45052
45622
45522
45718
45710
46483
46572
46701
46739
47318
47289
47656
47657
47761
47795
48144
48141
48478
48473
48399
48371
49635
49633
49666
49704
49695
49638
43330
43332
44250
44249
44936
44934
44943
44969
45192
45167
45162
45164
45208
45217
45219
45215
45220
45200
45210
45216
45151
45149
45137
45044
45059
45226
45054
45133
45126
45135
45049
45061
45055
45058
45057
45225
45066
45060
45174
45163
45161
45183
45177
45181
45168
45166
45186
45179
45062
45234
45056
45071
45065
45051
45070
45063
45064
45077
45190
45197
45182
45178
45199
45068
45203
45075
45227
45067
45201
45081
45194
45072
45078
45069
45073
45086
45076
45083
45074
45079
45090
45082
45087
45080
45085
45154
45142
45143
45158
45230
45160
45235
45148
45147
45138
45141
45153
45136
45088
45140
45092
45084
45091
45095
45094
45232
45089
45096
45101
45099
45097
45093
45157
45100
45108
45187
45173
45104
45191
45184
45175
45231
45103
45098
45106
45113
45180
45202
45207
45185
45206
45205
45212
45198
45112
45107
45102
45111
45204
45193
45218
45213
45155
45159
45139
45128
45131
45145
45146
45114
45117
45110
45105
45115
45120
45122
45233
45109
45118
45125
45127
45195
45196
45189
45188
45211
45209
45228
45116
45123
45130
45152
45170
45165
45171
45156
45176
45169
45172
45221
45132
45119
45121
45129
45214
45144
45134
45150
45238
45239
45240
45241
45242
45243
45244
45245
45274
45249
45250
45247
45246
45248
45252
45254
45256
45251
45253
45258
45257
45262
45255
45267
45263
45261
45265
45259
45260
45279
45278
45282
45275
45287
45277
45266
45264
45284
45281
45271
45268
45280
45269
45273
45272
45276
45285
45283
45286
45270
45304
45305
45315
45306
45320
45307
45308
45309
45310
45323
45311
45316
45317
45339
45341
45322
45321
45335
45348
45326
45334
45331
45340
45350
45346
45345
45336
45338
45332
45329
45327
45344
45342
45333
45349
45330
45318
45347
45314
45313
45312
45324
45337
45325
45319
45361
45601
45429
45624
45573
45401
45603
45597
45543
45394
45599
45595
45373
45602
45379
45411
45529
45571
45588
45534
45644
45517
45500
45417
45406
45605
45561
45403
45380
45584
45600
45570
45566
45385
45382
45594
45578
45408
45386
45389
45377
45583
45592
45391
45392
45590
45582
45384
45396
45395
45526
45505
45508
45359
45515
45513
45504
45367
45413
45400
45398
45381
45593
45415
45620
45404
45591
45364
45360
45388
45625
45520
45376
45375
45371
45554
45374
45368
45363
45362
45366
45524
45372
45365
45619
45369
45387
45629
45579
45399
45634
45378
45383
45390
45393
45397
45402
45632
45405
45631
45435
45604
45443
45407
45409
45436
45410
45412
45414
45416
45418
45431
45419
45433
45420
45421
45422
45423
45424
45425
45426
45427
45428
45432
45434
45437
45430
45447
45462
45453
45472
45445
45441
45485
45442
45497
45439
45455
45354
45351
45352
45606
45460
45452
45356
45357
45355
45458
45353
45450
45456
45448
45449
45446
45626
45607
45466
45633
45467
45639
45463
45457
45638
45451
45471
45608
45480
45465
45479
45461
45469
45635
45464
45459
45481
45609
45488
45473
45630
45470
45476
45468
45475
45474
45487
45610
45637
45477
45492
45478
45621
45484
45482
45483
45496
45611
45511
45530
45614
45498
45623
45502
45628
45489
45495
45493
45491
45507
45612
45506
45490
45514
45494
45509
45512
45516
45532
45531
45499
45503
45533
45551
45616
45563
45548
45555
45535
45540
45552
45569
45501
45627
45525
45518
45565
45613
45549
45564
45642
45550
45568
45617
45581
45643
45575
45557
45559
45574
45580
45556
45576
45618
45589
45577
45586
45567
45572
45585
45527
45538
45519
45539
45523
45536
45547
45521
45541
45615
45553
45537
45545
45528
45544
45558
45542
45560
45562
45546
45641
45640
45636
45645
45646
45647
45653
45648
45649
45654
45658
45660
45663
45664
45651
45652
45650
45665
45666
45667
45661
45656
45668
45655
45657
45662
45659
45681
45679
45672
45678
45674
45683
45700
45676
45680
45682
45675
45677
45670
45669
45703
45694
45702
45686
45693
45699
45695
45696
45688
45698
45690
45701
45705
45697
45687
45706
45708
45689
45685
45684
45692
45704
45691
45707
45722
45721
45739
45730
45723
45724
45725
45719
45720
45731
45711
45712
45713
45735
45733
45728
45729
45742
45726
45714
45727
45715
45716
45717
45737
45741
45738
45732
45755
45736
45734
45744
45743
45740
45745
45746
45747
45748
45750
45749
45753
45751
45752
45754
45780
45761
45776
45762
45763
45760
45758
45759
45756
45765
45766
45790
45774
45797
45773
45799
45803
45768
45770
45791
45798
45783
45777
45805
45786
45772
45785
45784
45778
45767
45779
45796
45808
45795
45801
45789
45802
45788
45787
45782
45794
45792
45800
45806
45811
45807
45793
45809
45804
45810
45813
45812
45814
45815
45816
45817
45818
45819
45820
45821
45822
45823
45825
45845
45882
45840
45837
45836
45826
45844
45828
45827
45839
45874
45846
45888
45853
45831
45835
45856
45855
45857
45892
45841
45849
45838
45843
45830
45833
45862
45891
45893
45922
45850
45842
45851
45848
45847
45852
45854
45887
45918
45832
45829
45834
45860
45884
45863
45871
45866
45864
45911
45920
45907
45872
45868
45859
45867
45861
45877
45873
45878
45869
45910
45880
45875
45945
45870
45879
45883
45916
45909
45913
45881
45865
45885
45914
45876
45917
45912
45915
45944
45946
45949
45950
45927
45924
45928
45896
45894
45890
45930
45929
45932
45931
45933
45901
45935
45897
45889
45934
45899
45937
45936
45938
45900
45941
45942
45943
45902
45939
45940
45903
45948
45908
45905
45947
45904
45906
45898
45921
45895
45919
45923
45926
45925
45953
45954
45955
45956
45957
45958
45961
45963
45960
45962
45965
45966
45964
45967
45968
45993
45971
45970
45980
45994
45973
45978
45996
45997
45982
45979
45983
45990
45975
46012
45995
45986
45972
45991
45988
45974
45985
45987
45984
45981
45989
45992
46011
45998
45999
46000
46001
46027
46002
46003
46004
46005
46006
46007
46020
46008
46009
46010
46014
46016
46017
46015
46030
46018
46021
46043
46019
46061
46050
46056
46032
46039
46038
46037
46029
46058
46035
46054
46057
46042
46041
46031
46052
46049
46034
46023
46053
46055
46025
46033
46026
46024
46040
46028
46036
46022
46044
46060
46047
46045
46048
46051
46046
46074
46059
46076
46066
46064
46065
46062
46063
46070
46068
46072
46067
46069
46073
46071
46075
46083
46084
46085
46086
46087
46077
46078
46079
46080
46081
46082
46088
46089
46090
46091
46092
46093
46094
46095
46096
46097
46098
46099
46100
46101
46102
46116
46117
46137
46114
46115
46118
46108
46107
46111
46109
46138
46112
46113
46121
46106
46152
46105
46110
46104
46163
46134
46127
46159
46147
46145
46144
46140
46155
46158
46131
46120
46128
46136
46126
46130
46129
46124
46123
46133
46141
46154
46122
46125
46119
46150
46153
46142
46165
46139
46162
46157
46146
46160
46166
46148
46156
46151
46212
46213
46214
46135
46229
46168
46594
46461
46164
46169
46170
46573
46581
46445
46588
46447
46446
46428
46649
46598
46602
46659
46586
46651
46429
46448
46430
46449
46450
46526
46451
46525
46527
46453
46533
46455
46452
46534
46530
46454
46538
46700
46431
46561
46566
46706
46413
46414
46415
46609
46703
46655
46620
46416
46417
46418
46551
46637
46683
46556
46560
46720
46640
46641
46685
46563
46543
46557
46550
46545
46553
46547
46559
46554
46645
46638
46432
46433
46456
46457
46523
46519
46434
46435
46460
46458
46522
46459
46436
46463
46444
46521
46437
46464
46672
46623
46673
46616
46611
46419
46420
46662
46668
46614
46702
46664
46705
46618
46421
46513
46462
46531
46468
46438
46515
46514
46439
46465
46467
46472
46520
46532
46440
46537
46466
46441
46676
46612
46615
46471
46469
46576
46570
46663
46642
46567
46580
46422
46423
46574
46686
46424
46425
46528
46511
46478
46512
46540
46476
46473
46524
46529
46475
46482
46470
46562
46653
46646
46723
46565
46571
46639
46636
46652
46582
46577
46546
46552
46442
46443
46535
46426
46427
46539
46544
46634
46569
46660
46579
46635
46587
46548
46536
46564
46721
46693
46558
46715
46555
46643
46648
46600
46592
46591
46624
46629
46630
46627
46647
46597
46593
46584
46578
46590
46498
46499
46516
46509
46644
46650
46589
46585
46477
46481
46484
46474
46487
46488
46480
46206
46205
46211
46204
46187
46176
46177
46178
46179
46228
46215
46225
46216
46207
46208
46209
46210
46202
46201
46200
46203
46182
46180
46181
46175
46174
46173
46171
46185
46184
46183
46188
46189
46190
46191
46192
46193
46194
46195
46196
46197
46198
46199
46218
46186
46217
46227
46226
46224
46222
46223
46219
46220
46221
46242
46243
46241
46250
46238
46261
46271
46235
46244
46231
46239
46240
46234
46232
46233
46230
46247
46236
46245
46246
46249
46269
46248
46277
46275
46276
46253
46259
46280
46257
46255
46265
46263
46258
46268
46260
46274
46266
46273
46256
46267
46262
46264
46251
46272
46270
46252
46281
46282
46283
46284
46285
46286
46287
46295
46288
46289
46290
46291
46293
46294
46292
46296
46297
46298
46299
46300
46301
46302
46303
46304
46305
46306
46307
46312
46313
46314
46318
46319
46320
46321
46322
46323
46308
46309
46310
46311
46315
46316
46317
46324
46325
46326
46327
46328
46329
46330
46331
46332
46333
46334
46335
46336
46337
46338
46339
46340
46343
46341
46342
46354
46355
46356
46357
46344
46345
46346
46347
46373
46348
46349
46350
46351
46352
46368
46367
46392
46360
46361
46362
46363
46397
46369
46370
46372
46391
46364
46365
46366
46386
46358
46359
46353
46395
46381
46390
46382
46389
46387
46394
46383
46412
46374
46385
46393
46384
46380
46375
46379
46376
46378
46388
46377
46371
46396
46400
46401
46398
46402
46403
46404
46405
46406
46407
46408
46399
46409
46410
46411
46503
46510
46502
46491
46479
46493
46748
46489
46495
46485
46497
46486
46494
46500
46490
46504
46492
46501
46505
46518
46517
46496
46506
46507
46508
46549
46542
46607
46599
46669
46601
46613
46658
46671
46596
46606
46661
46670
46688
46541
46632
46605
46665
46674
46657
46666
46654
46604
46608
46699
46656
46595
46667
46610
46621
46628
46626
46619
46617
46625
46622
46675
46603
46583
46575
46568
46687
46694
46713
46711
46747
46714
46751
46709
46708
46752
46704
46722
46682
46692
46691
46725
46707
46755
46727
46718
46698
46689
46717
46679
46741
46750
46746
46749
46744
46736
46731
46743
46740
46745
46710
46724
46695
46696
46697
46732
46716
46684
46719
46737
46738
46735
46730
46690
46733
46742
46726
46734
46728
46729
46754
46753
46758
46759
46761
46765
46757
46756
46760
46766
46763
46767
46762
46773
46764
46768
46772
46771
46770
46778
46780
46774
46779
46785
46777
46775
46776
46769
46781
46788
46782
46789
46787
46786
46783
46784
46790
46791
46792
46812
46839
46810
46811
46813
46801
46802
46803
46804
46793
46794
46795
46796
46797
46798
46799
46800
46845
46846
46866
46805
46807
46806
46823
46808
46814
46844
46815
46849
46816
46818
46809
46817
46819
46834
46865
46879
46835
46829
46827
46825
46826
46824
46831
46883
46830
46842
46828
46833
46832
46881
46822
46820
46841
46821
46884
46838
46850
46837
46836
46852
46847
46843
46882
46840
46870
46880
46869
46888
46887
46856
46873
46868
46874
46855
46861
46853
46872
46857
46859
46863
46858
46876
46860
46886
46885
46892
46875
46854
46878
46864
46871
46851
46889
46877
46891
46890
46895
46893
46894
46896
46897
46898
46899
46900
46901
46902
46903
46906
46907
46922
46923
46917
46904
46905
46931
46924
46925
46911
46926
46932
46910
46913
46927
46928
46929
46914
46933
46930
46921
46916
46918
46908
46920
46915
46934
46912
46938
46935
46909
46940
46936
46919
46937
46939
46941
46951
46946
46949
46950
46947
46948
46944
46943
46952
46956
46945
46942
46954
46974
46962
46965
46967
46955
46953
46975
46966
46959
46957
46973
46977
46972
46960
46963
46971
46958
46968
46978
46969
46970
46981
46980
46979
46987
46986
46983
47386
46988
46982
46984
46985
46999
46995
46992
46993
46994
47010
46989
46990
46991
47018
47003
47015
47017
46996
47002
47000
47001
46997
47016
46998
47008
47006
47007
47005
47011
47004
47019
47012
47009
47013
47014
47020
47021
47022
47023
47024
47025
47026
47027
47028
47029
47030
47031
47032
47033
47034
47035
47036
47037
47038
47039
47056
47055
47041
47052
47076
47040
47042
47057
47046
47054
47061
47058
47077
47049
47075
47074
47044
47045
47048
47047
47078
47079
47043
47085
47082
47051
47053
47073
47086
47050
47062
47059
47083
47084
47065
47066
47067
47068
47069
47072
47071
47080
47063
47081
47064
47364
47267
47395
47121
47104
47088
47106
47097
47092
47122
47093
47094
47108
47101
47095
47096
47100
47126
47107
47099
47138
47130
47109
47144
47116
47119
47127
47117
47124
47123
47111
47136
47113
47129
47125
47140
47128
47155
47139
47118
47134
47131
47132
47133
47150
47135
47146
47154
47165
47137
47147
47142
47145
47153
47143
47149
47151
47148
47141
47159
47166
47152
47157
47156
47163
47158
47169
47162
47160
47164
47161
47168
47167
47171
47170
47172
47173
47174
47175
47183
47187
47189
47176
47177
47178
47179
47180
47181
47194
47190
47191
47192
47186
47182
47184
47185
47193
47188
47195
47196
47197
47198
47199
47438
47226
47200
47201
47202
47203
47204
47205
47358
47440
47206
47211
47208
47209
47207
47212
47210
47228
47222
47232
47233
47221
47223
47287
47214
47224
47213
47288
47216
47215
47247
47331
47369
47330
47236
47234
47328
47323
47322
47246
47256
47365
47241
47231
47243
47242
47296
47227
47244
47230
47245
47240
47324
47238
47239
47263
47421
47254
47235
47448
47359
47255
47249
47253
47257
47335
47302
47371
47444
47446
47429
47368
47268
47294
47258
47350
47248
47351
47290
47361
47327
47333
47293
47292
47443
47310
47264
47436
47250
47317
47321
47261
47384
47270
47420
47299
47259
47424
47274
47363
47266
47251
47265
47276
47252
47279
47370
47273
47311
47262
47298
47309
47278
47308
47314
47313
47319
47315
47367
47300
47437
47284
47280
47381
47307
47383
47269
47301
47283
47285
47357
47325
47281
47277
47356
47282
47295
47272
47354
47286
47320
47297
47390
47291
47306
47406
47419
47355
47450
47271
47394
47391
47415
47385
47304
47360
47441
47329
47334
47316
47366
47332
47338
47303
47388
47427
47362
47312
47343
47342
47340
47341
47389
47397
47396
47449
47453
47399
47452
47337
47400
47451
47398
47352
47348
47402
47404
47346
47403
47344
47392
47495
47407
47374
47345
47408
47378
47336
47349
47492
47455
47373
47382
47347
47405
47376
47339
47377
47353
47387
47375
47413
47379
47412
47401
47410
47380
47372
47432
47435
47479
47409
47434
47426
47425
47457
47411
47418
47417
47428
47550
47466
47431
47570
47460
47498
47459
47497
47430
47423
47447
47465
47464
47462
47463
47471
47493
47468
47491
47469
47439
47476
47470
47474
47467
47475
47502
47473
47501
47472
47477
47480
47499
47478
47496
47494
47547
47531
47483
47433
47445
47442
47505
47486
47485
47503
47487
47500
47508
47414
47416
47422
47520
47482
47490
47538
47456
47454
47509
47506
47488
47504
47461
47458
47514
47545
47481
47489
47484
47527
47548
47513
47511
47566
47530
47521
47529
47528
47554
47507
47549
47515
47553
47535
47518
47522
47519
47516
47526
47524
47517
47510
47552
47523
47546
47525
47565
47558
47541
47537
47512
47532
47563
47540
47569
47539
47543
47533
47574
47562
47576
47571
47560
47568
47542
47557
47555
47534
47544
47536
47564
47559
47556
47551
47561
47567
47572
47580
47575
47573
47583
47582
47578
47577
47581
47579
47584
47585
47586
47587
47588
47589
47590
47591
47592
47593
47594
47595
47596
47597
47598
47599
47600
47601
47602
47603
47605
47606
47607
47608
47609
47621
47604
47614
47615
47616
47617
47618
47619
47620
47610
47611
47612
47613
47625
47626
47627
47624
47622
47623
47628
47629
47630
47631
47632
47633
47634
47635
47636
47664
47651
47637
47638
47639
47640
47641
47642
47643
47644
47645
47646
47647
47648
47661
47662
47652
47649
47650
47654
47655
47659
47653
47658
47660
47663
47677
47680
47678
47669
47671
47667
47668
47665
47670
47666
47673
47674
47675
47672
47694
47679
47676
47681
47697
47722
47726
47696
47700
47723
47721
47699
47691
47727
47692
47720
47683
47693
47695
47728
47701
47702
47725
47718
47686
47690
47685
47687
47719
47709
47703
47682
47689
47724
47688
47708
47715
47712
47714
47713
47705
47707
47706
47704
47711
47717
47710
47716
47698
47684
47729
47730
47731
47732
47733
47747
47745
47744
47752
47734
47739
47740
47741
47742
47743
47746
47817
47748
47751
47750
47820
47766
47738
47737
47736
47760
47749
47735
47767
47763
47758
47768
47793
47755
47816
47812
47753
47769
47814
47754
47764
47772
47770
47773
47798
47818
47822
47765
47797
47756
47762
47799
47783
47781
47779
47782
47777
47776
47774
47784
47788
47786
47785
47821
47771
47787
47778
47792
47791
47811
47790
47789
47794
47780
47775
47819
47813
47800
47796
47809
47808
47815
47825
47853
47823
47804
47807
47805
47824
47887
47806
47803
47810
47802
47836
47830
47850
47849
47852
47826
47851
47838
47835
47833
47827
47828
47829
47844
47846
47842
47839
47840
47831
47834
47855
47832
47841
47864
47837
47843
47845
47873
47875
47872
47877
47857
47856
47860
47867
47869
47866
47871
47876
47870
47859
47854
47858
47847
47848
47924
47885
47862
47886
47884
47893
47888
47863
47889
47890
47861
47865
47879
47878
47881
47874
47880
47883
47882
47868
47916
47908
47907
47900
47906
47905
47891
47912
47913
47915
47927
47920
47918
47917
47910
47898
47894
47892
47895
47897
47903
47899
47896
47914
47911
47919
47923
47921
47925
47926
47901
47902
47909
47904
47922
47928
47929
47930
47931
47932
47933
47934
47935
47936
47937
47945
47949
47950
47951
47942
47943
47944
47948
47946
47947
47938
47939
47940
47941
47952
47953
47954
47955
47958
47959
47957
47960
47972
47961
47962
47963
47964
47965
47966
47967
47968
47969
47970
47973
47971
47975
47974
47977
47976
47980
47978
47979
47981
47982
47983
47984
47988
47989
47990
47991
47992
47997
47985
47986
47987
47993
47994
47995
47996
47998
47999
48000
48001
48002
48003
48004
48005
48006
48007
48008
48009
48010
48011
48012
48013
48014
48015
48016
48017
48018
48019
48020
48030
48031
48028
48029
48035
48032
48033
48034
48042
48040
48036
48043
48068
48056
48054
48067
48044
48052
48057
48059
48088
48050
48049
48079
48066
48046
48045
48048
48055
48047
48053
48069
48064
48065
48063
48070
48082
48071
48076
48102
48085
48075
48078
48133
48099
48103
48073
48118
48074
48077
48080
48098
48039
48038
48037
48041
48062
48072
48061
48060
48106
48081
48090
48107
48093
48084
48083
48087
48092
48091
48125
48124
48086
48111
48112
48123
48122
48095
48096
48115
48121
48143
48117
48119
48101
48120
48128
48130
48131
48104
48116
48114
48113
48110
48109
48108
48105
48100
48126
48127
48129
48137
48142
48145
48138
48132
48152
48140
48136
48135
48139
48134
48150
48147
48148
48146
48149
48151
48153
48154
48155
48156
48157
48158
48159
48160
48161
48162
48163
48167
48164
48165
48166
48208
48168
48173
48171
48174
48197
48181
48186
48169
48170
48177
48178
48200
48185
48175
48204
48192
48188
48194
48179
48180
48172
48191
48209
48211
48221
48205
48193
48189
48195
48196
48184
48202
48183
48206
48182
48203
48225
48198
48199
48210
48212
48207
48213
48215
48214
48222
48220
48217
48226
48187
48228
48190
48231
48216
48218
48229
48219
48223
48288
48233
48268
48237
48264
48230
48227
48265
48224
48266
48238
48239
48269
48273
48285
48240
48270
48241
48242
48271
48243
48287
48244
48278
48245
48272
48246
48247
48262
48259
48284
48236
48281
48248
48235
48250
48290
48252
48256
48261
48251
48255
48234
48257
48274
48279
48276
48282
48253
48267
48263
48258
48293
48275
48289
48280
48277
48283
48295
48254
48292
48291
48294
48260
48286
48311
48312
48313
48322
48310
48309
48304
48303
48302
48301
48306
48308
48307
48305
48300
48299
48298
48297
48296
48249
48232
48023
48026
48025
48022
48027
48491
48470
48468
48495
48479
48493
48501
48496
48494
48475
48489
48482
48499
48492
48484
48474
48477
48486
48471
48476
48469
48498
48463
48485
48481
48464
48500
48490
48472
48487
48461
48446
48483
48462
48447
48451
48488
48415
48417
48456
48419
48455
48480
48458
48420
48457
48450
48449
48454
48416
48438
48430
48466
48435
48467
48440
48433
48439
48437
48444
48443
48436
48431
48432
48441
48448
48445
48465
48453
48434
48428
48424
48427
48412
48426
48429
48425
48400
48452
48413
48401
48421
48414
48422
48407
48423
48403
48404
48459
48418
48405
48411
48460
48394
48406
48398
48393
48395
48410
48397
48375
48373
48376
48370
48390
48391
48387
48385
48409
48384
48386
48381
48382
48383
48379
48380
48396
48377
48378
48359
48365
48364
48367
48360
48357
48358
48368
48388
48372
48369
48366
48353
48328
48389
48343
48325
48349
48326
48324
48334
48331
48336
48442
48348
48333
48329
48338
48363
48354
48335
48347
48337
48332
48339
48318
48317
48316
48319
48355
48356
48320
48361
48392
48321
48341
48362
48352
48314
48323
48315
48346
48345
48497
48351
48374
48344
48342
48350
48340
48713
48777
48635
48706
48660
48647
48726
48677
48781
48640
48703
48779
48546
48754
48555
48804
48518
48616
48769
48765
48721
48707
48641
48805
48849
48774
48823
48576
48834
48678
48592
48700
48760
48579
48671
48682
48683
48764
48630
48595
48850
48583
48748
48696
48718
48759
48771
48628
48770
48899
48702
48637
48624
48697
48695
48724
48854
48598
48809
48587
48634
48620
48638
48690
48692
48625
48610
48691
48828
48636
48722
48529
48723
48680
48631
48873
48766
48796
48698
48672
48627
48526
48515
48720
48753
48622
48761
48632
48869
48679
48618
48606
48629
48687
48528
48541
48523
48815
48669
48615
48868
48752
48712
48653
48757
48613
48600
48534
48768
48531
48519
48527
48662
48656
48525
48535
48522
48773
48775
48782
48904
48807
48938
48897
48800
48811
48944
48917
48810
48822
48808
48851
48848
48843
48890
48896
48922
48857
48932
48856
48895
48936
48858
48847
48844
48867
48946
48942
48865
48927
48863
48859
48874
48908
48906
48892
48860
48889
48962
48883
48887
48886
48884
48949
48966
48923
48905
48894
48964
48957
48907
48912
48925
48953
48934
48958
48973
48955
48954
48956
48935
48933
48977
48975
48952
48947
48972
48979
48980
48833
48778
48746
48743
48852
48819
48806
48853
48817
48816
48920
48841
48880
48959
48888
48872
48924
48866
48862
48901
48941
48910
48870
48864
48871
48875
48861
48903
48928
48911
48967
48909
48885
48929
48900
48921
48898
48913
48940
48902
48960
48963
48939
48951
48948
48937
48971
48976
48961
48950
48943
48970
48974
48978
48981
48330
48504
48503
48502
47305
46631
48537
48837
48840
48506
48878
48548
48560
48574
48738
48881
48578
48588
48845
48685
48745
48572
48584
48744
48742
48577
48568
48820
48675
48668
48573
48563
48582
48673
48830
48594
48891
48599
48605
48611
48619
48585
48776
48689
48626
48633
48792
48505
48790
48741
48658
48930
48739
48821
48657
48784
48824
48919
48965
48728
48827
48832
48705
48642
48645
48508
48507
48521
48510
48646
48736
48826
48818
48709
48786
48649
48684
48732
48711
48648
48651
48918
48729
48710
48716
48730
48661
48785
48926
48734
48715
48788
48644
48876
48789
48725
48681
48787
48655
48733
48714
48780
48664
48513
48665
48968
48915
48783
48750
48825
48914
48652
48654
48749
48516
48879
48839
48842
48772
48597
48581
48608
48663
48509
48538
48567
48751
48666
48571
48791
48552
48793
48639
48838
48561
48798
48565
48614
48803
48670
48829
48569
48590
48735
48586
48580
48602
48831
48591
48667
48686
48558
48554
48550
48945
48551
48755
48559
48549
48756
48813
48835
48544
48659
48882
48846
48553
48747
48855
48545
48539
48512
48520
48650
48593
48617
48701
48767
48604
48589
48758
48699
48688
48601
48814
48562
48542
48547
48799
48514
48570
48566
48564
48737
48511
48517
48557
48575
48812
48556
48524
48532
48794
48536
48540
48543
48740
48612
48694
48719
48762
48530
48797
48795
48623
48708
48693
48609
48596
48621
48704
48763
48607
48877
48916
48931
48969
49252
49305
49108
49034
49193
49054
49208
49137
49290
49250
49179
49240
49038
49344
49194
49110
49304
49036
49311
49201
49303
49202
49116
49107
49236
49018
49022
49300
49040
49046
49071
48999
48997
49245
49232
49106
49307
49175
49141
49298
49214
49297
49221
48996
48998
49001
49231
49220
48992
48990
48987
49216
49043
49013
49011
48994
48984
48991
49025
49223
48988
49276
49228
48983
49104
49101
49132
49192
49238
49026
49005
49029
49226
49023
49007
49059
49109
49308
49230
49136
49077
49041
49286
49225
49057
49140
49239
49021
49235
49014
49224
49009
49017
49302
49234
49012
49094
49008
49006
49093
48993
48995
48989
49027
49219
49030
49296
49035
49213
49037
49096
49019
49063
49248
49182
49139
49242
49195
49335
49203
49044
49015
49010
49000
49118
49280
49215
49052
49074
49003
49227
49241
49299
49048
48982
48985
49056
49068
49065
49217
49061
48986
49218
49103
49237
49275
49081
49177
49028
49222
49233
49050
49002
49088
49016
49246
49020
49229
49133
49060
49161
49338
49345
49174
49294
49206
49098
49151
49336
49191
49187
49274
49163
49339
49328
49159
49409
49167
49172
49086
49180
49211
49091
49170
49188
49153
49324
49322
49070
49331
49164
49212
49295
49165
49055
49102
49278
49210
49075
49082
49134
49148
49168
49156
49333
49114
49152
49282
49119
49083
49097
49100
49160
49271
49158
49121
49343
49129
49320
49285
49090
49207
49115
49076
49261
49204
49330
49073
49117
49259
49058
49319
49349
49257
49340
49049
49255
49039
49111
49347
49254
49113
49289
49047
49341
49321
49258
49288
49198
49142
49190
49079
49092
49184
49309
49315
49181
49249
49123
49186
49125
49314
49051
49095
49066
49185
49269
49267
49292
49154
49087
49268
49284
49262
49157
49089
49171
49200
49120
49270
49264
49147
49162
49045
49128
49189
49130
49176
49412
49358
49363
49361
49301
49418
49368
49354
49451
49360
49384
49417
49306
49452
49374
49364
49518
49359
49419
49457
49378
49517
49416
49312
49461
49352
49454
49496
49414
49353
49453
49362
49525
49357
49456
49526
49369
49372
49367
49373
49366
49516
49423
49390
49375
49381
49376
49474
49458
49371
49415
49424
49420
49413
49365
49515
49370
49355
49334
49437
49436
49138
49325
49183
49260
49394
49266
49069
49205
49342
49131
49080
49433
49396
49084
49391
49337
49272
49442
49291
49449
49408
49350
49273
49287
49397
49500
49277
49293
49351
49348
49445
49473
49471
49400
49403
49464
49491
49407
49469
49510
49494
49488
49450
49406
49507
49484
49467
49514
49527
49466
49501
49462
49493
49486
49479
49505
49492
49530
49476
49482
49521
49478
49512
49489
49522
49498
49495
49523
49531
49513
49506
49502
49444
49455
49459
49443
49332
49511
49490
49438
49388
49439
49317
49429
49427
49434
49382
49428
49380
49483
49383
49426
49481
49386
49393
49389
49431
49401
49468
49528
49463
49441
49447
49487
49504
49465
49402
49399
49470
49405
49446
49387
49395
49524
49398
49435
49520
49485
49440
49430
49432
49392
49425
49379
49460
49540
49546
49596
49550
49538
49547
49551
49559
49604
49627
49605
49610
49613
49654
49555
49621
49575
49599
49560
49552
49561
49577
49617
49641
49597
49563
49564
49574
49600
49565
49566
49567
49578
49568
49642
49644
49570
49571
49580
49646
49576
49579
49615
49585
49572
49556
49584
49553
49583
49598
49622
49558
49557
49588
49647
49631
49587
49591
49648
49581
49630
49590
49602
49601
49586
49624
49623
49608
49593
49592
49619
49626
49594
49589
49649
49595
49603
49650
49629
49611
49628
49607
49625
49612
49620
49609
49616
49606
49651
49652
49637
49643
49639
49634
49645
49636
49762
49764
49750
49772
49766
49767
49751
49769
49753
49749
49768
49763
49765
49758
49738
49761
49737
49756
49759
49735
49760
49719
49733
49711
49745
49714
49707
49723
49771
49717
49712
49724
49720
49691
49718
49752
49754
49697
49721
49715
49703
49716
49688
49705
49740
49690
49692
49722
49770
49675
49678
49689
49679
49709
49687
49702
49676
49537
49548
49536
49535
49545
49549
49541
49539
49543
49542
49544
49534
49533
49680
49710
49683
49696
49667
49681
49755
49731
49698
49670
49671
49673
49672
49674
49730
49694
49727
49742
49743
49773
49774
49775
49776
49777
49778
49779
49780
49747
49748
49706
49708
49741
49669
49726
49725
49746
49699
49682
49744
49661
49664
49665
49656
49757
49732
49734
49686
49658
49659
49713
49660
49701
49677
49655
49684
49657
49693
49662
49663
49874
49968
49916
49800
49803
49804
49805
49806
49807
49809
49849
49898
49818
49819
49921
49919
49855
49781
49823
49814
49851
49971
49923
49801
49802
49958
49812
49791
49925
49860
49783
49795
49797
49861
49827
49935
49787
49927
49829
49785
49904
49867
49798
49970
49845
49888
49957
49891
49808
49817
49959
49928
49821
49894
49822
49854
49897
49784
49926
49786
49824
49890
49826
49869
49934
49903
49788
49868
49799
49900
49865
49794
49792
49866
49930
49938
49896
49917
49962
49852
49905
49846
49859
49853
49870
49960
49933
49901
49872
49871
49856
49858
49936
49895
49932
49940
49873
49906
49908
49912
49939
49941
49910
49782
49789
49967
49790
49796
49843
49996
49955
49949
49841
49840
49839
49837
49836
49991
49995
49994
49993
49990
49989
49988
49987
49953
49835
49886
49986
49985
49834
49833
49832
49984
49909
49885
49983
49982
49981
49831
49830
49954
49876
49948
49952
49884
49977
49914
49913
49943
49964
49944
49857
49947
49915
49820
49882
49950
49937
49864
49946
49883
49862
49907
49973
49972
49945
49976
49963
49922
49924
49931
49892
49887
49844
49980
49979
49978
49842
50871
50606
50661
51076
50862
50566
50574
50615
50806
50629
50697
50033
50663
50658
50810
50654
50781
50636
50768
51138
50374
51012
50115
51137
50165
50630
50455
51044
51171
50811
50401
50104
50041
50044
50219
50235
50057
50185
50191
50376
50861
50101
50074
50071
50070
50435
50409
50427
50064
50433
50225
50073
50061
50429
50054
50231
50404
50065
50102
50417
50039
50059
50048
50094
50428
50412
50430
50408
50230
50058
50053
50217
50218
50425
50052
50045
50055
50380
50220
50399
50038
50051
50377
50375
50083
50081
50072
50076
50062
50381
50382
50200
50391
50388
50383
50904
50078
50224
50385
50204
50396
50210
50402
50389
50394
51213
50387
50195
50422
50198
50087
50419
50085
50398
50212
50042
50415
50418
50573
50209
50206
50211
50413
50407
50858
50036
50411
50093
50414
50232
50395
50205
50406
50390
50228
50405
50095
50096
50100
50088
51087
51093
51236
51098
51233
51088
51272
51226
51224
51142
51220
51283
51266
51097
51100
51038
51035
51207
51037
51264
51039
51265
51209
51099
51041
51238
51255
50979
50970
51270
51095
50973
51092
51032
51036
51141
51031
51048
51256
50912
50911
50907
50908
50910
50909
50976
50974
51033
50972
50902
50855
51086
50856
50901
50860
51140
51034
50903
50859
51089
50971
50978
50717
50703
50713
50712
50708
50704
50900
50730
50721
50733
50738
50736
51218
50193
50378
50384
50063
50432
50221
50421
50975
50745
51254
51257
51263
51262
51143
51249
51240
51247
51244
51260
51253
51251
51252
51274
51259
51258
51273
51271
51279
51280
51268
51269
51276
51281
51288
51289
51290
51291
51292
51332
51308
51314
51312
51330
51323
51338
51325
51352
51356
51333
51293
51294
51367
51326
51362
51355
51370
51299
51327
51316
51357
51297
51295
51336
51302
51328
51301
51300
51298
51307
51329
51296
51303
51305
51341
51350
51361
51311
51313
51342
51337
51317
51339
51364
51318
51358
51340
51320
51386
51321
51322
51335
51315
51354
51309
51376
51306
51304
51310
51319
51380
51348
51334
51351
51379
51366
51347
51345
51343
51346
51349
51387
51385
51353
51359
51344
51360
51365
51363
51378
51375
51368
51373
51383
51374
50397
50709
50906
50392
50189
50386
50423
50400
50393
50410
50403
50437
50416
51179
50370
50424
50823
50188
50444
50434
50420
50426
51248
50440
50865
50441
50355
50436
50456
50445
50439
50446
50202
50442
50462
51094
50451
50741
50864
50449
50447
50457
50719
51163
50328
50194
50452
50463
50458
50208
50476
50459
50454
50467
50461
50347
50481
50465
50460
50472
50466
50484
50201
50943
50464
50477
50471
50326
50487
50474
50468
50482
50478
51282
50480
51191
50647
50488
50483
51275
50633
51278
50479
50492
50489
50493
50486
51286
50497
51152
50498
51214
51183
50740
51382
51459
51377
51372
51371
51420
51426
51384
51389
51452
51381
51393
51404
51438
51394
51443
51436
51403
51398
51493
51412
51395
51397
51411
51492
51439
51504
51413
51489
51402
51400
51421
51479
51399
51396
51409
51418
51406
51407
51477
51410
51427
51498
51428
51435
51408
51456
51425
51496
51499
51417
51414
51450
51447
51469
51475
51458
51465
51461
51444
51470
51442
51440
51448
51445
51434
51473
51490
51474
51471
51502
51481
51437
51432
51467
51483
51472
51441
51430
51497
51480
51482
51505
51466
51453
51457
51476
51449
51463
51462
51501
51468
51500
51503
51486
51460
51506
51484
51464
51478
51487
51491
51488
51485
51495
51494
51416
51369
51454
51433
51324
51455
51391
51429
51392
51388
51451
51390
51507
51510
51514
51516
51518
51541
51519
51520
51524
51546
51525
51522
51584
51526
51540
51523
51508
51509
51511
51512
51513
51515
51517
51620
51521
51528
51527
51529
51544
51566
51609
51538
51531
51534
51539
51537
51533
51550
51530
51578
51535
51564
51548
51551
51536
51545
51628
51543
51547
51532
51542
51601
51549
51617
51553
51568
51640
51576
51552
51635
51570
51572
51555
51577
51556
51592
51612
51593
51652
51574
51638
51571
51613
51561
51597
51607
51616
51616
51604
51562
51633
51575
51610
51639
51579
51646
51582
51632
51625
51573
51581
51675
51598
51603
51644
51567
51580
51569
51611
51634
51653
51631
51631
51670
51586
51596
51588
51599
51589
51627
51629
51595
51600
51591
51605
51630
51602
51594
51655
51637
51614
51618
51654
51608
51615
51651
51636
51619
51621
51623
51622
51690
51660
51650
51641
51663
51661
51656
51750
51645
51687
51694
51642
51666
51643
51711
51669
51698
51673
51685
51749
51677
51671
51658
51723
51747
51678
51667
51681
51737
51693
51682
51662
51676
51731
51672
51686
51668
51674
51665
51679
51659
51689
51657
51683
51738
51691
51726
51696
51713
51702
51712
51699
51739
51716
51700
51697
51735
51728
51741
51744
51721
51708
51715
51719
51722
51705
51692
51720
51704
51703
51714
51701
51740
51727
51717
51724
51710
51736
51742
51718
51706
51746
51745
51748
51743
51732
51734
51733
51751
51730
51753
51754
51755
51758
51756
51757
51752
51766
51765
51774
51768
51764
51793
51763
51762
51761
51760
51759
51771
51794
51778
51780
51773
51777
51792
51779
51850
51776
51781
51782
51783
51784
51785
51798
51786
51814
51787
51788
51789
51813
51799
51800
51842
51864
51767
51790
51770
51807
51769
51772
51791
51775
51855
51811
51838
51803
51854
51801
51836
51802
51796
51795
51797
51815
51859
51819
51824
51862
51860
51806
51822
51812
51828
51805
51820
51818
51844
51886
51846
51831
51829
51810
51832
51834
51804
51809
51835
51808
51865
51833
51877
51879
51851
51837
51841
51848
51821
51840
51830
51825
51823
51856
51857
51890
51817
51843
51858
51827
51849
51839
51880
51853
51866
51852
51875
51845
51867
51863
51897
51861
51874
51872
51878
51888
51868
51873
51883
51893
51894
51936
51876
51871
51912
51914
51918
51869
51882
51910
51892
51895
51887
51951
51906
51970
51952
51904
51911
51963
51913
51909
51901
51940
51965
51953
51898
51908
51955
51958
51947
51932
51950
51935
51926
51916
51905
51941
51948
51934
51959
51899
51920
51956
51929
51967
51946
51907
51960
51938
51962
51930
51961
51942
51922
51919
51924
51945
51915
51923
51969
51925
51937
51966
51968
51917
51978
51973
51974
51975
51976
51980
51989
51979
51988
51994
51981
51982
51990
52005
51985
51986
51996
51984
51991
51884
51889
51885
51870
52007
51999
52003
52011
52001
52002
51998
52008
51993
52006
51997
52004
52041
52013
52000
51992
52031
52036
52012
52056
52024
52018
52016
52020
52014
52077
52017
52044
52015
52022
52045
52025
52042
52019
52021
52035
52034
52055
52030
52026
52043
52073
52095
52071
52032
52047
52037
52038
52075
52051
52052
52053
52102
52089
52072
52093
52058
52097
52057
52088
52039
52078
52049
52061
52054
52084
52064
52048
52087
52050
52066
52059
52065
52094
52080
52079
52062
52081
52063
52082
52086
52092
52068
52067
52085
52083
52091
52100
52090
52104
52105
52099
52103
52101
52106
52098
52096
52107
52108
52110
52109
52115
52116
52117
52118
52119
52120
52121
52122
52125
52126
52127
52128
52153
52154
52155
52129
52130
52131
52124
52123
52132
52133
52156
52134
52135
52136
52137
52138
52139
52145
52146
52144
52140
52141
52142
52143
52149
52150
52157
52158
52159
52148
52147
52152
52151
52160
52161
52162
52163
52164
52165
52166
52167
52168
52173
52172
52171
52170
52169
52174
52175
52176
52177
52196
52178
52179
52180
52181
52182
52191
52184
52195
52183
52201
52185
52202
52200
52193
52189
52186
52188
52187
52194
52198
52210
52192
52211
52248
52222
52242
52241
52228
52203
52216
52221
52247
52205
52225
52227
52206
52224
52209
52215
52218
52223
52207
52208
52204
52199
52197
52213
52220
51943
51928
51931
51944
51964
51957
51902
52040
49078
49256
49178
49281
52046
52028
52027
52009
52033
52190
52214
52217
52263
52243
52253
52252
52244
52275
52333
52254
52289
52255
52250
52273
52257
52249
52212
52226
52219
52320
52270
52265
52232
52234
52235
52251
52233
52266
52229
52230
52231
52246
52245
52237
52238
52236
52239
52240
52258
52261
52271
52262
52324
52355
52323
52383
52290
52272
52260
52267
52280
52269
52294
52268
52300
52282
52277
52284
52342
52319
52283
52274
52330
52306
52303
52302
52287
52285
52317
52312
52286
52321
52288
52357
52291
52298
52279
52318
52304
52296
52299
52352
52297
52385
52334
52293
52359
52292
52305
52308
52311
52307
52345
52341
52313
52316
52310
52309
52346
52343
52327
52315
52380
52370
52347
52322
52331
52314
52301
52349
52325
52329
52387
52376
52328
52396
52348
52393
52381
52388
52361
52392
52363
52374
52377
52391
52364
52351
52350
52382
52353
52362
52367
52365
52368
52338
52336
52373
52386
52337
52340
52390
52371
52395
52344
52384
52372
52379
52397
52394
52375
52378
52369
52366
52358
52412
52399
52400
52401
52402
52403
52404
52483
52481
52406
52411
52415
52419
52407
52408
52424
52409
52431
52410
52417
52443
52413
52457
52405
52425
52435
52433
52416
52436
52461
52432
52434
52414
52421
52478
52456
52422
52474
52430
52428
52480
52426
52452
52479
52420
52437
52440
52459
52466
52448
52445
52450
52492
52499
52446
52505
52462
52469
52488
52441
52449
52472
52439
52470
52468
52442
52447
52455
52497
52495
52444
52438
52453
52465
52507
52458
52506
