3166589
3166753
3170123
3170671
3171846
3171849
3176912
3176925
3179311
3179312
3182702
3182704
3184202
3184212
3186405
3186406
3188396
3188397
3190387
3190386
3189650
3189638
3196645
3196646
3196658
3197020
3197021
3196657
3141042
3141798
3159625
3159624
3165691
3165692
3165693
3165703
3166271
3166275
3166276
3166277
3166279
3166280
3166281
3166282
3166283
3166284
3166285
3166286
3166516
3166518
3166520
3166561
3166564
3166568
3166569
3166573
3166574
3166575
3166754
3166996
3166997
3166999
3167011
3167022
3167023
3167024
3167033
3167034
3167043
3167045
3167057
3167058
3167060
3167063
3167066
3167072
3167108
3167112
3167115
3167116
3167126
3167129
3167132
3167136
3167140
3167141
3167145
3167147
3167149
3167151
3167156
3167157
3167159
3167164
3167165
3167169
3167171
3167175
3167182
3167183
3167190
3167194
3167195
3167201
3167213
3167216
3167217
3167220
3167222
3167228
3167230
3167232
3167242
3167258
3167260
3167272
3167273
3167282
3167302
3167303
3167305
3167307
3167321
3167324
3167325
3167326
3167350
3167352
3167354
3167355
3167356
3167357
3167358
3167359
3167360
3167361
3167362
3167363
3167364
3167396
3167397
3167398
3167400
3167401
3167407
3167412
3167415
3167423
3167424
3167426
3167466
3167467
3167468
3167469
3167473
3167474
3167476
3167477
3167478
3167479
3167480
3167481
3167501
3167503
3167504
3167505
3167579
3167580
3167589
3167594
3167597
3167608
3167609
3167612
3167636
3167639
3167654
3167848
3167850
3167869
3167870
3167897
3167899
3167901
3167912
3167931
3167942
3167944
3167945
3167949
3167950
3167951
3167961
3167962
3167963
3167973
3167974
3167975
3167977
3167978
3167979
3167980
3167981
3167983
3167984
3167985
3167986
3167988
3168112
3168113
3168114
3168115
3168119
3168120
3168129
3168130
3168266
3168267
3168268
3168269
3168273
3168274
3168275
3168277
3168278
3168279
3168280
3168281
3168282
3168283
3168285
3168286
3168287
3168290
3168291
3168295
3168298
3168299
3168300
3168302
3168305
3168306
3168307
3168310
3168312
3168315
3168316
3168317
3168319
3168320
3168321
3168322
3168323
3168325
3168326
3168327
3168328
3168333
3168336
3168337
3168338
3168341
3168346
3168348
3168349
3168362
3168955
3168957
3168960
3168961
3168964
3168970
3169035
3169042
3169043
3169056
3169063
3169064
3169065
3169068
3169098
3169099
3169100
3169126
3169133
3169138
3169139
3169140
3169153
3169155
3169193
3169194
3169197
3169199
3169200
3169202
3169206
3169210
3169232
3169242
3169245
3169246
3169252
3169253
3169255
3169266
3169269
3169331
3169335
3169338
3169339
3169435
3169436
3169437
3169438
3169457
3169458
3169459
3169460
3169465
3169466
3169468
3169469
3169475
3169476
3169478
3169487
3169491
3169493
3169500
3169501
3169503
3169578
3169579
3169603
3169604
3169605
3169606
3169607
3169608
3169609
3169610
3169621
3169622
3169623
3169624
3169625
3169626
3169627
3169628
3169629
3169630
3169641
3169642
3169643
3169644
3169645
3169646
3169647
3169648
3169649
3169659
3169678
3169686
3169688
3169736
3169738
3169739
3169740
3169759
3169768
3169776
3169784
3169879
3169883
3169990
3169992
3169997
3170007
3170009
3170014
3170042
3170044
3170082
3170086
3170091
3170095
3170100
3170103
3170111
3170112
3170113
3170122
3170124
3170128
3170164
3170170
3170176
3170206
3170214
3170218
3170237
3170239
3170242
3170243
3170244
3170246
3170248
3170251
3170255
3170261
3170263
3170266
3170268
3170269
3170270
3170281
3170288
3170290
3170316
3170317
3170327
3170328
3170329
3170330
3170335
3170336
3170337
3170338
3170339
3170340
3170341
3170342
3170350
3170362
3170363
3170365
3170370
3170383
3170386
3170388
3170393
3170397
3170398
3170399
3170400
3170414
3170415
3170416
3170417
3170421
3170422
3170423
3170424
3170425
3170426
3170432
3170433
3170434
3170435
3170441
3170442
3170443
3170444
3170445
3170446
3170447
3170448
3170449
3170450
3170451
3170452
3170453
3170454
3170462
3170463
3170464
3170465
3170466
3170467
3170468
3170469
3170470
3170476
3170477
3170478
3170479
3170480
3170481
3170482
3170483
3170484
3170485
3170486
3170487
3170488
3170490
3170491
3170492
3170493
3170494
3170495
3170497
3170498
3170499
3170500
3170502
3170505
3170506
3170507
3170508
3170509
3170511
3170512
3170513
3170514
3170515
3170516
3170518
3170520
3170522
3170524
3170526
3170528
3170529
3170530
3170531
3170532
3170534
3170535
3170536
3170537
3170538
3170539
3170552
3170553
3170554
3170555
3170558
3170559
3170560
3170561
3170562
3170563
3170564
3170565
3170566
3170567
3170568
3170574
3170575
3170576
3170577
3170582
3170599
3170601
3170603
3170604
3170612
3170613
3170626
3170627
3170629
3170632
3170633
3170635
3170646
3170647
3170648
3170649
3170650
3170654
3170655
3170656
3170673
3170674
3170676
3170690
3170695
3170697
3170700
3170701
3170713
3170714
3170715
3170716
3170721
3170722
3170723
3170724
3170725
3170726
3170897
3170898
3170899
3170900
3170924
3170925
3170926
3170927
3170928
3170929
3170930
3170931
3170932
3170933
3170941
3170942
3170943
3170944
3170945
3170946
3170947
3170948
3170949
3170950
3171138
3171142
3171145
3171162
3171172
3171174
3171176
3171178
3171204
3171205
3171209
3171210
3171244
3171245
3171259
3171260
3171267
3171270
3171271
3171272
3171279
3171280
3171286
3171287
3171291
3171292
3171301
3171302
3171320
3171324
3171329
3171331
3171344
3171378
3171453
3171455
3171459
3171484
3171762
3171764
3171767
3171795
3171796
3171797
3171799
3171809
3171811
3171812
3171813
3171816
3171817
3171818
3171819
3171823
3171825
3171826
3171828
3171837
3171840
3171841
3171842
3171843
3171844
3171845
3171851
3171853
3171855
3171857
3171858
3171876
3171877
3171878
3171880
3172134
3172140
3172210
3172212
3172225
3172254
3172260
3172275
3172287
3172332
3172334
3172490
3172502
3172517
3172524
3172590
3172598
3172607
3172905
3172908
3172920
3172921
3172922
3172924
3172929
3172931
3172932
3172933
3172934
3172935
3172936
3172937
3172938
3172939
3172940
3172941
3172942
3172943
3172944
3172950
3172951
3172953
3172955
3172956
3172957
3172958
3172959
3172960
3172961
3172963
3172965
3172966
3172967
3172974
3172975
3172977
3172978
3172982
3172983
3172984
3172985
3173155
3173156
3173157
3173158
3173159
3173160
3173161
3173162
3173163
3173165
3173211
3173212
3173213
3173217
3173219
3173220
3173221
3173259
3173262
3173264
3173266
3173281
3173282
3173284
3173286
3173290
3173294
3173347
3173351
3173354
3173356
3173380
3173382
3173384
3173388
3173390
3173392
3173395
3173402
3173404
3173409
3173412
3173414
3173416
3173426
3173428
3173429
3173465
3173466
3173468
3173469
3173472
3173474
3173482
3173484
3173485
3173502
3173503
3173506
3173508
3173515
3173521
3173522
3173523
3173525
3173534
3173537
3173546
3173547
3173548
3173549
3173554
3173557
3173568
3173570
3173583
3173584
3173585
3173586
3173623
3173624
3173626
3173630
3173631
3173633
3173634
3173648
3173649
3173651
3173652
3173661
3173663
3173721
3173724
3173725
3173726
3173730
3173741
3173764
3173799
3173800
3173801
3173802
3173803
3173804
3173805
3173806
3173808
3173827
3173830
3173834
3173837
3173867
3173869
3173871
3173873
3173874
3173875
3173877
3173878
3173879
3173880
3173882
3173883
3173932
3173934
3173936
3173937
3173951
3173952
3173987
3173992
3173994
3173998
3174085
3174087
3174094
3174098
3174104
3174105
3174106
3174107
3174109
3174111
3174112
3174115
3174127
3174131
3174135
3174138
3174200
3174202
3174263
3174273
3174284
3174285
3174291
3174299
3174300
3174301
3174302
3174309
3174314
3174325
3174353
3174354
3174391
3174395
3174399
3174400
3174424
3174425
3174426
3174427
3174606
3174618
3174900
3174901
3174902
3174904
3174905
3174906
3174907
3174909
3174913
3174917
3174918
3174919
3174921
3174928
3174929
3174930
3174931
3174936
3174957
3174958
3174959
3174961
3174962
3174971
3174972
3174985
3174991
3174992
3174993
3174998
3175001
3175003
3175007
3175012
3175029
3175030
3175031
3175032
3175033
3175034
3175035
3175036
3175039
3175040
3175041
3175042
3175045
3175046
3175047
3175048
3175075
3175076
3175079
3175080
3175091
3175092
3175094
3175095
3175096
3175097
3175113
3175114
3175129
3175131
3175144
3175146
3175160
3175161
3175173
3175174
3175180
3175181
3175184
3175185
3175195
3175196
3175198
3175268
3175269
3175270
3175271
3175272
3175277
3175278
3175279
3175280
3175281
3175282
3175283
3175284
3175287
3175288
3175289
3175290
3175291
3175293
3175296
3175297
3175298
3175299
3175300
3175301
3175302
3175309
3175310
3175311
3175316
3175317
3175318
3175319
3175321
3175322
3175323
3175324
3175325
3175326
3175355
3175356
3175358
3175360
3175384
3175385
3175390
3175391
3175392
3175393
3175394
3175395
3175396
3175397
3175407
3175415
3175417
3175418
3175419
3175421
3175422
3175424
3175427
3175429
3175430
3175432
3175443
3175444
3175445
3175446
3175455
3175457
3175463
3175464
3175465
3175466
3175467
3175488
3175490
3175491
3175492
3175504
3175506
3175508
3175510
3175511
3175512
3175513
3175519
3175520
3175521
3175522
3175523
3175524
3175527
3175533
3175534
3175535
3175536
3175538
3175540
3175542
3175549
3175550
3175551
3175552
3175568
3175570
3175575
3175577
3175607
3175617
3175618
3175619
3175620
3175621
3175622
3175623
3175625
3175626
3175627
3175628
3175630
3175701
3175702
3175704
3175706
3175707
3175708
3175709
3175719
3175728
3175731
3175754
3175755
3175757
3175758
3175774
3175778
3175783
3175791
3175804
3175807
3175808
3175811
3175825
3175841
3175853
3175861
3175866
3175867
3175873
3175889
3175893
3175895
3175903
3175934
3175936
3175937
3175938
3175976
3175977
3175978
3175979
3176019
3176029
3176030
3176031
3176035
3176036
3176037
3176038
3176046
3176047
3176052
3176063
3176185
3176186
3176222
3176233
3176234
3176236
3176242
3176251
3176252
3176253
3176254
3176255
3176257
3176258
3176259
3176260
3176263
3176291
3176295
3176297
3176308
3176310
3176312
3176319
3176320
3176322
3176335
3176351
3176353
3176358
3176374
3176379
3176384
3176393
3176400
3176405
3176406
3176461
3176464
3176621
3176634
3176637
3176638
3176642
3176654
3176655
3176656
3176657
3176664
3176681
3176684
3176706
3176708
3176710
3176711
3176770
3176802
3176803
3176804
3176805
3176807
3176808
3176809
3176819
3176831
3176846
3176847
3176850
3176852
3176863
3176866
3176924
3176926
3176928
3176930
3176931
3176934
3176935
3176936
3176939
3176940
3176944
3176945
3176946
3176948
3176949
3176952
3176953
3176954
3176955
3176956
3176971
3176972
3176975
3176976
3176977
3176978
3176983
3176984
3177044
3177045
3177046
3177047
3177049
3177050
3177051
3177058
3177059
3177060
3177061
3177062
3177063
3177068
3177069
3177070
3177071
3177073
3177074
3177075
3177076
3177090
3177091
3177092
3177098
3177100
3177103
3177104
3177122
3177124
3177125
3177126
3177134
3177220
3177221
3177222
3177232
3177261
3177262
3177263
3177264
3177329
3177330
3177332
3177333
3177344
3177345
3177346
3177347
3177357
3177358
3177396
3177398
3177399
3177401
3177429
3177433
3177437
3177449
3177483
3177487
3177488
3177491
3177511
3177518
3177521
3177560
3177564
3177572
3177585
3177592
3177635
3177643
3177658
3177664
3177690
3177742
3177745
3177771
3177774
3177816
3177817
3177843
3177844
3177845
3177856
3177857
3177872
3177873
3177874
3177877
3177897
3177919
3177921
3177930
3177931
3177932
3177934
3177938
3177939
3177940
3177941
3177973
3177974
3177975
3177976
3178008
3178009
3178039
3178040
3178043
3178045
3178048
3178058
3178059
3178061
3178062
3178067
3178071
3178072
3178074
3178076
3178081
3178082
3178084
3178085
3178086
3178087
3178088
3178091
3178103
3178104
3178105
3178175
3178176
3178181
3178182
3178183
3178184
3178185
3178186
3178188
3178189
3178190
3178490
3178491
3178492
3178493
3178494
3178495
3178496
3178497
3178505
3178506
3178507
3178508
3178509
3178510
3178511
3178512
3178513
3178514
3178515
3178516
3178517
3178518
3178519
3178520
3178521
3178522
3178523
3178524
3178525
3178526
3178527
3178528
3178529
3178530
3178531
3178532
3178533
3178534
3178535
3178536
3178537
3178538
3178539
3178672
3178673
3178675
3178676
3178677
3178681
3178682
3178683
3178684
3178689
3178691
3178692
3178694
3178696
3178697
3178700
3178701
3178702
3178703
3178704
3178705
3178706
3178707
3178708
3178709
3178711
3178713
3178714
3178715
3178716
3178717
3178718
3178719
3178720
3178721
3178722
3178723
3178724
3178726
3178727
3178728
3178729
3178732
3178733
3178734
3178735
3178736
3178737
3178738
3178739
3178740
3178741
3178742
3178743
3178744
3178747
3178748
3178758
3178759
3178764
3178765
3178766
3178767
3178768
3178769
3178770
3178771
3178778
3178779
3178780
3178781
3178782
3178783
3178788
3178930
3178931
3178932
3178933
3178934
3178935
3178936
3178942
3178943
3178944
3178945
3178946
3178947
3178948
3178949
3178950
3178951
3178952
3178953
3178954
3178955
3178956
3178957
3178958
3178959
3178975
3178976
3178987
3179006
3179007
3179011
3179018
3179024
3179028
3179032
3179033
3179035
3179036
3179040
3179042
3179045
3179048
3179054
3179055
3179056
3179060
3179063
3179064
3179072
3179086
3179088
3179089
3179092
3179093
3179101
3179102
3179103
3179105
3179106
3179107
3179108
3179110
3179111
3179115
3179126
3179130
3179150
3179154
3179161
3179162
3179163
3179164
3179165
3179166
3179167
3179168
3179172
3179174
3179203
3179212
3179216
3179219
3179221
3179251
3179252
3179253
3179254
3179257
3179260
3179262
3179313
3179314
3179316
3179317
3179318
3179319
3179320
3179321
3179323
3179324
3179370
3179375
3179377
3179390
3179394
3179396
3179459
3179460
3179461
3179464
3179472
3179474
3179478
3179479
3179483
3179488
3179490
3179492
3179501
3179547
3179559
3179564
3179685
3179691
3179692
3179694
3179695
3179698
3179699
3179711
3179712
3179714
3179715
3179716
3179717
3179718
3179725
3179726
3179727
3179728
3179744
3179745
3179746
3179747
3179750
3179752
3179754
3179758
3179762
3179764
3179772
3179774
3179788
3179790
3179791
3179793
3179832
3179833
3179839
3179840
3179841
3179842
3179843
3179845
3179846
3179847
3179848
3179849
3179852
3179855
3179856
3179858
3179862
3179863
3179864
3179875
3179915
3179916
3179918
3179921
3179923
3179925
3179928
3179935
3179938
3179940
3179943
3179945
3179946
3179948
3179951
3179956
3179963
3179965
3179966
3179967
3179968
3179973
3179975
3180003
3180004
3180005
3180006
3180007
3180008
3180014
3180015
3180020
3180021
3180022
3180024
3180025
3180026
3180027
3180028
3180033
3180034
3180035
3180037
3180038
3180044
3180045
3180048
3180050
3180053
3180057
3180058
3180063
3180064
3180065
3180070
3180071
3180072
3180073
3180074
3180076
3180077
3180078
3180080
3180081
3180082
3180083
3180084
3180085
3180086
3180095
3180100
3180101
3180103
3180104
3180105
3180106
3180111
3180113
3180115
3180146
3180147
3180153
3180154
3180196
3180197
3180198
3180206
3180207
3180210
3180211
3180212
3180226
3180227
3180228
3180239
3180273
3180274
3180275
3180278
3180289
3180290
3180291
3180292
3180293
3180294
3180297
3180300
3180302
3180303
3180309
3180310
3180316
3180317
3180319
3180351
3180352
3180354
3180355
3180360
3180363
3180376
3180377
3180384
3180385
3180391
3180392
3180446
3180448
3180452
3180589
3180590
3180591
3180593
3180653
3180654
3180655
3180656
3180678
3180679
3180680
3180683
3180685
3180686
3180687
3180688
3180689
3180691
3180693
3180699
3180700
3180701
3180708
3180716
3180719
3180730
3180732
3180733
3180736
3180737
3180763
3180764
3180765
3180772
3180808
3180809
3180810
3180811
3180875
3180876
3180908
3180917
3180918
3180922
3180923
3181052
3181054
3181058
3181059
3181060
3181067
3181087
3181088
3181089
3181131
3181142
3181143
3181144
3181145
3181149
3181151
3181152
3181159
3181160
3181167
3181172
3181174
3181204
3181205
3181207
3181208
3181209
3181221
3181222
3181223
3181224
3181254
3181255
3181269
3181270
3181271
3181272
3181273
3181275
3181276
3181277
3181278
3181279
3181280
3181281
3181282
3181283
3181284
3181295
3181296
3181297
3181298
3181302
3181303
3181304
3181305
3181306
3181307
3181312
3181313
3181314
3181316
3181317
3181318
3181319
3181321
3181322
3181323
3181324
3181329
3181332
3181334
3181335
3181337
3181344
3181359
3181361
3181362
3181374
3181418
3181419
3181420
3181421
3181456
3181457
3181458
3181459
3181461
3181462
3181469
3181502
3181681
3181682
3181730
3181731
3181732
3181761
3181771
3181772
3181785
3181786
3181787
3181797
3181799
3181803
3181806
3181808
3181822
3181823
3181824
3181825
3181826
3181827
3181839
3181843
3181854
3181870
3181914
3181916
3181919
3181920
3181964
3181970
3181971
3181972
3181979
3181981
3181983
3181985
3181994
3181996
3181997
3181998
3181999
3182000
3182002
3182008
3182070
3182071
3182078
3182081
3182087
3182088
3182089
3182090
3182095
3182097
3182102
3182103
3182104
3182105
3182106
3182108
3182127
3182129
3182131
3182149
3182150
3182152
3182153
3182166
3182167
3182188
3182189
3182190
3182191
3182192
3182214
3182215
3182217
3182218
3182219
3182224
3182225
3182226
3182227
3182228
3182229
3182230
3182231
3182232
3182233
3182234
3182235
3182239
3182240
3182241
3182242
3182243
3182244
3182245
3182246
3182247
3182248
3182250
3182251
3182252
3182253
3182254
3182256
3182259
3182260
3182261
3182264
3182265
3182266
3182267
3182268
3182269
3182270
3182273
3182274
3182275
3182277
3182280
3182281
3182291
3182292
3182293
3182294
3182297
3182298
3182299
3182300
3182302
3182303
3182304
3182305
3182306
3182307
3182313
3182314
3182315
3182316
3182317
3182318
3182319
3182321
3182322
3182323
3182325
3182329
3182332
3182334
3182335
3182340
3182341
3182342
3182346
3182347
3182370
3182371
3182373
3182375
3182386
3182387
3182391
3182395
3182405
3182406
3182408
3182412
3182420
3182421
3182430
3182431
3182432
3182438
3182439
3182449
3182450
3182451
3182458
3182459
3182461
3182463
3182464
3182471
3182472
3182473
3182474
3182475
3182476
3182479
3182480
3182481
3182482
3182483
3182484
3182486
3182490
3182501
3182502
3182503
3182508
3182509
3182513
3182514
3182521
3182522
3182523
3182527
3182529
3182531
3182539
3182548
3182561
3182564
3182566
3182584
3182586
3182587
3182596
3182598
3182599
3182619
3182621
3182630
3182631
3182634
3182636
3182638
3182640
3182641
3182642
3182643
3182650
3182666
3182669
3182680
3182681
3182690
3182692
3182696
3182698
3182700
3182710
3182712
3182714
3182715
3182716
3182724
3182727
3182735
3182736
3182737
3182738
3182745
3182746
3182753
3182754
3182756
3182761
3182762
3182770
3182771
3182778
3182779
3182799
3182800
3182801
3182805
3182806
3182807
3182812
3182814
3182815
3182820
3182894
3182895
3182896
3182897
3182898
3182899
3182900
3182901
3182902
3182903
3182904
3182905
3182906
3182907
3182908
3182909
3182910
3182911
3182912
3182913
3182914
3182916
3182918
3182919
3182920
3182921
3182922
3182923
3182924
3182926
3182927
3182928
3182973
3182975
3182976
3182977
3183004
3183006
3183007
3183008
3183031
3183032
3183034
3183037
3183040
3183043
3183125
3183127
3183128
3183173
3183175
3183183
3183193
3183207
3183221
3183224
3183225
3183226
3183227
3183228
3183232
3183248
3183249
3183256
3183257
3183258
3183259
3183260
3183261
3183262
3183268
3183269
3183270
3183271
3183272
3183273
3183274
3183281
3183282
3183283
3183284
3183285
3183286
3183287
3183289
3183290
3183292
3183293
3183294
3183295
3183299
3183300
3183302
3183303
3183304
3183305
3183306
3183307
3183308
3183309
3183310
3183312
3183313
3183315
3183318
3183321
3183322
3183323
3183324
3183339
3183348
3183349
3183352
3183392
3183394
3183403
3183406
3183421
3183423
3183425
3183427
3183528
3183531
3183532
3183534
3183535
3183541
3183546
3183597
3183600
3183627
3183630
3183631
3183632
3183633
3183643
3183696
3183705
3183711
3183716
3183717
3183719
3183728
3183730
3183731
3183732
3183736
3183741
3183747
3183754
3183762
3183766
3183767
3183768
3183778
3183790
3183801
3183804
3183805
3183807
3183810
3183812
3183813
3183818
3183826
3183828
3183829
3183832
3183840
3183841
3183842
3183845
3183849
3183860
3183861
3183862
3183863
3183864
3183888
3183893
3183896
3183898
3183969
3183970
3183971
3183972
3183976
3183995
3183996
3183997
3183998
3184005
3184006
3184007
3184008
3184047
3184049
3184103
3184104
3184105
3184116
3184117
3184119
3184120
3184121
3184122
3184123
3184124
3184125
3184127
3184129
3184130
3184133
3184134
3184135
3184137
3184138
3184140
3184141
3184142
3184143
3184144
3184145
3184146
3184147
3184148
3184149
3184150
3184151
3184152
3184153
3184154
3184155
3184156
3184157
3184163
3184164
3184165
3184166
3184167
3184168
3184173
3184174
3184175
3184176
3184177
3184178
3184179
3184180
3184181
3184184
3184185
3184187
3184188
3184189
3184190
3184191
3184192
3184193
3184194
3184195
3184196
3184197
3184198
3184203
3184204
3184205
3184206
3184207
3184208
3184209
3184210
3184211
3184216
3184217
3184218
3184222
3184223
3184224
3184225
3184238
3184239
3184240
3184241
3184242
3184244
3184435
3184534
3184535
3184536
3184563
3184567
3184568
3184569
3184570
3184571
3184573
3184574
3184575
3184582
3184583
3184584
3184585
3184586
3184587
3184588
3184615
3184619
3184621
3184622
3184623
3184625
3184626
3184653
3184656
3184657
3184665
3184666
3184667
3184687
3184691
3184701
3184702
3184704
3184705
3184724
3184729
3184730
3184732
3184733
3184751
3184752
3184753
3184755
3184756
3184758
3184760
3184764
3184778
3184784
3185560
3185575
3185587
3185591
3185593
3186238
3186240
3186247
3186248
3186249
3186250
3186255
3186256
3186327
3186328
3186330
3186332
3186334
3186346
3186353
3186354
3186358
3186361
3186363
3186364
3186369
3186371
3186377
3186379
3186380
3186381
3186382
3186384
3186385
3186386
3186388
3186389
3186392
3186401
3186402
3186403
3186414
3186415
3186426
3186427
3186429
3186432
3186434
3186435
3186436
3186437
3186438
3186439
3186440
3186441
3186444
3186447
3186448
3186450
3186452
3186455
3186457
3186458
3186464
3186465
3186466
3186477
3186478
3186479
3186486
3186488
3186490
3186492
3186496
3186497
3186499
3186500
3186501
3186502
3186507
3186508
3186509
3186516
3186520
3186521
3186522
3186523
3186524
3186525
3186526
3186527
3186528
3186529
3186530
3186546
3186551
3186552
3186553
3186554
3186555
3186556
3186557
3186558
3186559
3186565
3186567
3186568
3186570
3186571
3186574
3186575
3186576
3186577
3186578
3186579
3186580
3186711
3186712
3186714
3186715
3186717
3186718
3186719
3186721
3186722
3186725
3186726
3186728
3186729
3186730
3186731
3186734
3186735
3186737
3186738
3186739
3186740
3186741
3186742
3186743
3186744
3186745
3186746
3186747
3186748
3186749
3186750
3186751
3186752
3186753
3186754
3186770
3186771
3186772
3186773
3186780
3186781
3186782
3186783
3186786
3186787
3186788
3186791
3186792
3186793
3186794
3186795
3186796
3186797
3186798
3186799
3186800
3186801
3186802
3186803
3186804
3186805
3186806
3186807
3186808
3186809
3186810
3186811
3186812
3186813
3186815
3186816
3186817
3186818
3186819
3186820
3186821
3186822
3186823
3186866
3186867
3186891
3186892
3186893
3186894
3186948
3186951
3186952
3186954
3186958
3186961
3186962
3186963
3186964
3186965
3186966
3186967
3186969
3186970
3187054
3187055
3187056
3187057
3187147
3187149
3187150
3187151
3187163
3187164
3187165
3187355
3187356
3187360
3187361
3187366
3187367
3187368
3187372
3187373
3187376
3187378
3187382
3187383
3187399
3187400
3187401
3187412
3187424
3187425
3187437
3187438
3187459
3187460
3187461
3187462
3187463
3187464
3187465
3187466
3187467
3187468
3187469
3187470
3187471
3187472
3187473
3187474
3187475
3187476
3187477
3187479
3187480
3187481
3187482
3187483
3187484
3187485
3187486
3187487
3187496
3187497
3187498
3187509
3187513
3187514
3187515
3187516
3187517
3187518
3187519
3187520
3187811
3187812
3187813
3187814
3187864
3187876
3187892
3187893
3187894
3187928
3187929
3187989
3187990
3187996
3187997
3187998
3188018
3188019
3188020
3188021
3188022
3188023
3188041
3188047
3188058
3188059
3188075
3188106
3188107
3188108
3188109
3188138
3188139
3188141
3188150
3188193
3188194
3188199
3188201
3188210
3188211
3188223
3188232
3188257
3188258
3188259
3188260
3188267
3188277
3188278
3188279
3188280
3187935
3187934
3187933
3187932
3186569
3186563
3186562
3186561
3188304
3188305
3188306
3188307
3188313
3188314
3188315
3188316
3188317
3188320
3188321
3188322
3188323
3188326
3188327
3188329
3188330
3188331
3188332
3188334
3188338
3188347
3188348
3188349
3188356
3188359
3188360
3188361
3188362
3188366
3188367
3188368
3188369
3188372
3188373
3188374
3188375
3188379
3188380
3188382
3188383
3188386
3188394
3188395
3188398
3188399
3188406
3188407
3188409
3188410
3188411
3188412
3188415
3188416
3188418
3188419
3188420
3188421
3188422
3188423
3188424
3188425
3188437
3188438
3188439
3188440
3188441
3188442
3188443
3188457
3188458
3188459
3188460
3188473
3188476
3188482
3188483
3188486
3188487
3188488
3188489
3188491
3188492
3188536
3188547
3188548
3188549
3188562
3188563
3188564
3188565
3188583
3188585
3188593
3188607
3188609
3188611
3188619
3188621
3188623
3188626
3188629
3188637
3188639
3188640
3188641
3188647
3188675
3188676
3188717
3188718
3188719
3188724
3188782
3188793
3188794
3188800
3188823
3188822
3188821
3188820
3188819
3188812
3188677
3188649
3188598
3188827
3188828
3188830
3188832
3188837
3188838
3188843
3188844
3188845
3188846
3188847
3188848
3188849
3188873
3188874
3188942
3188943
3188944
3188945
3188950
3188958
3188959
3188961
3188963
3188964
3188965
3188967
3188970
3188971
3188972
3188974
3188980
3188982
3188990
3188993
3188995
3188997
3188998
3189005
3189008
3189009
3189011
3189014
3189015
3189017
3189018
3189019
3189020
3189031
3189033
3189039
3189042
3189044
3189046
3189047
3189048
3189059
3189060
3189061
3189063
3189064
3189069
3189083
3189085
3189086
3189087
3189088
3189089
3189092
3189093
3189094
3189377
3189376
3189375
3189367
3189364
3189363
3189362
3189357
3189356
3189355
3189354
3189353
3189344
3189343
3189342
3189341
3189340
3189339
3189338
3188608
3188638
3187725
3187726
3187727
3187731
3187732
3190392
3190384
3190382
3190362
3190361
3190359
3190357
3190348
3190344
3190335
3190322
3190306
3190298
3190283
3190280
3190279
3190259
3190258
3190256
3190253
3190241
3190239
3190228
3190226
3190225
3190224
3190217
3190199
3190198
3190196
3190179
3190178
3190177
3190176
3190172
3190154
3190150
3190115
3190114
3190103
3190102
3190088
3190076
3190074
3190070
3190069
3190068
3190067
3190066
3190034
3190027
3190024
3190019
3190014
3190010
3190008
3190007
3190004
3190003
3190002
3190000
3189980
3189976
3189973
3189963
3189962
3189946
3189944
3189891
3189890
3189889
3189888
3189877
3189874
3189873
3189775
3189774
3189773
3189772
3189761
3189760
3189759
3189758
3189719
3189718
3189717
3189716
3189713
3189712
3189711
3189710
3189681
3189680
3189679
3189678
3189667
3189666
3189665
3189664
3189648
3189637
3189636
3189634
3189619
3189618
3189617
3189616
3189607
3189603
3189602
3189601
3189600
3189599
3189598
3189597
3189593
3189592
3189591
3189590
3189585
3189584
3189574
3189573
3189572
3189567
3189566
3189565
3189564
3189563
3189558
3189557
3189556
3189555
3189553
3189542
3189540
3189538
3189532
3189523
3189519
3189518
3189516
3189514
3189509
3189508
3189507
3189506
3189502
3189501
3189500
3189498
3189497
3189496
3189469
3189462
3189459
3189458
3189450
3189447
3189435
3189421
3189420
3189419
3189418
3189417
3189402
3189401
3189400
3189399
3189398
3189386
3189385
3190406
3189382
3189381
3189380
3189378
3189369
3189368
3192493
3192492
3192491
3192490
3192470
3192469
3192468
3192463
3192462
3192461
3192460
3192454
3192452
3192451
3192450
3192449
3192447
3192430
3192429
3192428
3192427
3192426
3192425
3192406
3192405
3192404
3192403
3192359
3192358
3192357
3192356
3192325
3192324
3192323
3192322
3192321
3192313
3192312
3192310
3192301
3192300
3192299
3192298
3192286
3192282
3192281
3192279
3192277
3192272
3192271
3192263
3192262
3192260
3192259
3192258
3192254
3192251
3192250
3192249
3192247
3192232
3192231
3192230
3192229
3192228
3192227
3192226
3192217
3192216
3192211
3192210
3192198
3192192
3192185
3192184
3192174
3192166
3192165
3192155
3192153
3192152
3192132
3192131
3192088
3192086
3192061
3192060
3192059
3192057
3192041
3192039
3192038
3192036
3192015
3192013
3192012
3192008
3192007
3192002
3192000
3191997
3191995
3191984
3191977
3191965
3191963
3191961
3191960
3191959
3191956
3191954
3191951
3191950
3191944
3191940
3191937
3191924
3192601
3192609
3192610
3192612
3192613
3192614
3192615
3192630
3192637
3192638
3192666
3192670
3192674
3192677
3192680
3192713
3192715
3192721
3192724
3192728
3192732
3192740
3192741
3192742
3192743
3192752
3192755
3192759
3192760
3192766
3192767
3192768
3192790
3192792
3192793
3192796
3192797
3192800
3192805
3192806
3192808
3192815
3192819
3192820
3192831
3192832
3192834
3192842
3192847
3192848
3192849
3192852
3192853
3192859
3192865
3192866
3192896
3192897
3192898
3192918
3192920
3192931
3192936
3192939
3192940
3192949
3192950
3192955
3192957
3192966
3192979
3192980
3192593
3192594
3192595
3192596
3192631
3192667
3192678
3192693
3192695
3192697
3192703
3192712
3192714
3192720
3192733
3192734
3192749
3192750
3192772
3192777
3192779
3192781
3192791
3192794
3192801
3192802
3192807
3192813
3192814
3192816
3192824
3192826
3192833
3192840
3192846
3192858
3192860
3192861
3192862
3192863
3192899
3192917
3192919
3192929
3192930
3192938
3192948
3192951
3192952
3192956
3192958
3192965
3192967
3192978
3192981
3183366
3179649
3179104
3179078
3159730
3159728
3190414
3190405
3190404
3190403
3190402
3191251
3191248
3191235
3191227
3191224
3191221
3191185
3191182
3191179
3191178
3191176
3191174
3191167
3191152
3191143
3191142
3191134
3191131
3191123
3191121
3191107
3191104
3191095
3191093
3191091
3191086
3191060
3191059
3191058
3191056
3191028
3191027
3191026
3191024
3191008
3190991
3190981
3190975
3190967
3190966
3190965
3190962
3190959
3190958
3190957
3190956
3190955
3190954
3190946
3190945
3190944
3190923
3190913
3190909
3190898
3190896
3190890
3190888
3190885
3190881
3190777
3190776
3190775
3190774
3190773
3190772
3190771
3190770
3190769
3190768
3190767
3190766
3190765
3190764
3190763
3190762
3190761
3190760
3190759
3190758
3190757
3190756
3190755
3190754
3190747
3190746
3190745
3190744
3190740
3190739
3190738
3190737
3190718
3190708
3190707
3190706
3190705
3190704
3190703
3190702
3190701
3190700
3190693
3190624
3190623
3190622
3190621
3190616
3190603
3190601
3190600
3190535
3190524
3190523
3190521
3190520
3190519
3190518
3190515
3190514
3190513
3190512
3190511
3190510
3190507
3190504
3190503
3190502
3190501
3190500
3190498
3190496
3190495
3190494
3190493
3190491
3190488
3190487
3190486
3190485
3190483
3190468
3190467
3190461
3190457
3190456
3190453
3190448
3190442
3190441
3190431
3190423
3190422
3190420
3190412
3191736
3191735
3191734
3191733
3191728
3191727
3191726
3191725
3191699
3191696
3191694
3191693
3191692
3191687
3191686
3191684
3191683
3191682
3191681
3191521
3191516
3191515
3191501
3191457
3191447
3191445
3191438
3191437
3191432
3191421
3191419
3191418
3191417
3191416
3191409
3191403
3191402
3191401
3191400
3191389
3191388
3191327
3191326
3191325
3191293
3191923
3191922
3191921
3191919
3191873
3191872
3191871
3191870
3191869
3191868
3191867
3191866
3192786
3192785
3192784
3192783
3194790
3194786
3194785
3194784
3194781
3194765
3194747
3194746
3194702
3194701
3194700
3194699
3194692
3194691
3194690
3194663
3194662
3194661
3194660
3194649
3194648
3194588
3194587
3194585
3194584
3194583
3194579
3194577
3194573
3194570
3194549
3194548
3194547
3194545
3194533
3194532
3194531
3194530
3194528
3194484
3194472
3194445
3193005
3193004
3193003
3193001
3193000
3192999
3192998
3192997
3192996
3192994
3192993
3192992
3192991
3192990
3192989
3192988
3192983
3192982
3192977
3192974
3192973
3192972
3193033
3193032
3193031
3193030
3193010
3193008
3193006
3192986
3193346
3193334
3193248
3193930
3193903
3193902
3193891
3193877
3193867
3193861
3193859
3193856
3193849
3193845
3193844
3193843
3193840
3193794
3193792
3193789
3193786
3193761
3193760
3193750
3193749
3193748
3193746
3193742
3193738
3193727
3193725
3193713
3193710
3193699
3193696
3193687
3193686
3193685
3193650
3193638
3194294
3194291
3194290
3194288
3194287
3194277
3194239
3194238
3194200
3194180
3194178
3194177
3194170
3194169
3194140
3194139
3194137
3194124
3194123
3194095
3194073
3194071
3194059
3194056
3194034
3194032
3194031
3194024
3194018
3193993
3193984
3193977
3193976
3193975
3193971
3193970
3193969
3193968
3193966
3193965
3193963
3193962
3193961
3193958
3193956
3193392
3193391
3195150
3195148
3195147
3195143
3195136
3195135
3195134
3195133
3195129
3195128
3195120
3195119
3195116
3195110
3195109
3195106
3195104
3195100
3195099
3195098
3195095
3195091
3195086
3195081
3195078
3195043
3195042
3195033
3195031
3195030
3195024
3195023
3195022
3195021
3195020
3195018
3195016
3195014
3195009
3195007
3195006
3195001
3194999
3194997
3194996
3194994
3194982
3194975
3194970
3194918
3194835
3194833
3194822
3194811
3194755
3194754
3194752
3194733
3194732
3194731
3194721
3194720
3194718
3194717
3194716
3194715
3194714
3194713
3194711
3194698
3194697
3194674
3194673
3194672
3194671
3194670
3194669
3194668
3194614
3194605
3194602
3194600
3194599
3194593
3194591
3194558
3194555
3194554
3194553
3194517
3194516
3194514
3194513
3194512
3194482
3194481
3194480
3194478
3194452
3194421
3193928
3193926
3193923
3193911
3193900
3193889
3193838
3193837
3193836
3193835
3193834
3193830
3193829
3193828
3193827
3193826
3193825
3193824
3193823
3193822
3193821
3193820
3193807
3193806
3193805
3193683
3193681
3193680
3193678
3193002
3192995
3192976
3192975
3193009
3193344
3193335
3193264
3193263
3193262
3193899
3193887
3193874
3193868
3193860
3193842
3193839
3193762
3193756
3193745
3193743
3193726
3193697
3194292
3194289
3194141
3194138
3194126
3194074
3194072
3194033
3194020
3194019
3193979
3193974
3193967
3193964
3193960
3193959
3193957
3193955
3194893
3194783
3194764
3194763
3194762
3194745
3194734
3194689
3194586
3194575
3194572
3194571
3194568
3194546
3194529
3194527
3194444
3195191
3195192
3195195
3195196
3195200
3195203
3195204
3195205
3195206
3195207
3195209
3195212
3195213
3195214
3195215
3195217
3195218
3195219
3195220
3195241
3195242
3195243
3195244
3195247
3195248
3195249
3195251
3195254
3195255
3195256
3195267
3195322
3195323
3195353
3195355
3195364
3195365
3195389
3195397
3195411
3195412
3195413
3195414
3195476
3195477
3195479
3195482
3195644
3195646
3195662
3195664
3195666
3195668
3195686
3195687
3195693
3195698
3195701
3195712
3195722
3195724
3195726
3195733
3195745
3195746
3195750
3195751
3195776
3195777
3195779
3195780
3195793
3195794
3195795
3195796
3195193
3193924
3193890
3193808
3193682
3193679
3193674
3193673
3193669
3193665
3193661
3193655
3193653
3194259
3194251
3194248
3194241
3194240
3194215
3194213
3194205
3194202
3193997
3193950
3193944
3193916
3195149
3195126
3195118
3195094
3195079
3195028
3195019
3195017
3195015
3195013
3195012
3195000
3194998
3194965
3194834
3194832
3194753
3194735
3194730
3194719
3194712
3194696
3194695
3194510
3194460
3194459
3194447
3195965
3195966
3195967
3195968
3195981
3195985
3195989
3195990
3196471
3196473
3196474
3196481
3196518
3196652
3196023
3196024
3196025
3196075
3196080
3196090
3196092
3196094
3196095
3196103
3196104
3196112
3196125
3196141
3196146
3196149
3196150
3196161
3196162
3196164
3196175
3196176
3196177
3196182
3196183
3196186
3196188
3196189
3196190
3196191
3196196
3196198
3196199
3196201
3196202
3196211
3196212
3196214
3196215
3196229
3196234
3196236
3196241
3196256
3196259
3196265
3196272
3196306
3196316
3196317
3196318
3196319
3196320
3196321
3196324
3196325
3196326
3196334
3196336
3196338
3196380
3196381
3196383
3196384
3196424
3196429
3196432
3196433
3196442
3196444
3196498
3196501
3196502
3196503
3196602
3196604
3196648
3196669
3196670
3196671
3196667
3196643
3197120
3197119
3197118
3197117
3197113
3197112
3197111
3197106
3197093
3197092
3197090
3197089
3197081
3197080
3197079
3197078
3197075
3197074
3197069
3197060
3197055
3197054
3197052
3197048
3197047
3197044
3197042
3197016
3197015
3197014
3197013
3197011
3197004
3196999
3196996
3196995
3196994
3196992
3196990
3196989
3196988
3196987
3196985
3196982
3196981
3196980
3196956
3196954
3196936
3196913
3196911
3196910
3196909
3196899
3196897
3196889
3196885
3195977
3195976
3195975
3195974
3195973
3195972
3195971
3195969
3195962
3195961
3195960
3195948
3195947
3196653
3196834
3196835
3196836
3196847
3196868
3196869
3196870
3196871
3196872
3196874
3196875
3196876
3196879
3197022
3197027
3197034
3197035
3197037
3197144
3197145
3197146
3197147
3197155
3197156
3197158
3197159
3197040
3197039
3197038
3197036
3197033
3196816
3196814
3196328
3196333
3196443
3196603
3196605
3196625
3196642
3196651
3196660
3196719
3196718
3196717
3196710
3196709
3196708
3196706
3196705
3196704
3196703
3196702
3196701
3196668
3196664
3196637
3196634
3197264
3197405
3197426
3197428
3197429
3197431
3197460
3197472
3197487
3197509
3197522
3197525
3197703
3197720
3197721
3197752
3197789
3197790
3197791
3197844
3197845
3197855
3197867
3197870
3197874
3197885
3197888
3197894
3197906
3197907
3197908
3197936
3197947
3197948
3197949
3197973
3197975
3197977
3197984
3197263
3197265
3197266
3197361
3197430
3197432
3197463
3197469
3197483
3197503
3197701
3197702
3197704
3197722
3197723
3197753
3197755
3197757
3197792
3197866
3197868
3197869
3197890
3197893
3197896
3197905
3197910
3197911
3197917
3197952
3197961
3197965
3197966
3197976
3197978
3197981
3197989
3198042
3198045
3198048
3198052
3198053
3198054
3198055
3198056
3198082
3198090
3198091
3198092
3198099
3198106
3198120
3198121
3198122
3198123
3198136
3198138
3198139
3198149
3198152
3198164
3198165
3198170
3198172
3197534
3197535
3197562
3197536
3197558
3197565
3186702
3186701
3186700
3186699
3186698
3186676
3186675
3186674
3186671
3186667
3186662
3186658
3186652
3186648
3186638
3186631
3186628
3186627
3186626
3186625
3186623
3186619
3186618
3186617
3186614
3186612
3186611
3186600
3186592
3186591
3186583
3186582
3186581
3186293
3186287
3186286
3186280
3186262
3186244
3186228
3186213
3186212
3186211
3186155
3186154
3186153
3186076
3186049
3186048
3186044
3186043
3186031
3186012
3185987
3185980
3185979
3185918
3185917
3185916
3185915
3185914
3185913
3185880
3185860
3185859
3185850
3185828
3185806
3185803
3182365
3186690
3186670
3186654
3186610
3186609
3186316
3186309
3186281
3186272
3186264
3186263
3186203
3186150
3186148
3186145
3186135
3186109
3186103
3186084
3186079
3186060
3186027
3186003
3185950
3185927
3185902
3185849
3185839
3167061
3195546
3198813
3198812
3198811
3198810
3198809
3198798
3198797
3198796
3198795
3198794
3199360
3199349
3199348
3199347
3199346
3199339
3199338
3199337
3199336
3199330
3199328
3199327
3199326
3199310
3199306
3199294
3199288
3199285
3199284
3199277
3199276
3199270
3199255
3199252
3199251
3199250
3199249
3199235
3199233
3199231
3199230
3199209
3199203
3199201
3199188
3199187
3199186
3199156
3199098
3199097
3199096
3199078
3199067
3199052
3199049
3199048
3199047
3199046
3199045
3199044
3199043
3199042
3199041
3199040
3199039
3199038
3199030
3199029
3199017
3199016
3199015
3199014
3199009
3199008
3199007
3199006
3199001
3199000
3198999
3198993
3198992
3198991
3198990
3198980
3198979
3198978
3198976
3198973
3198972
3198971
3198970
3198964
3198963
3198962
3198960
3198959
3198958
3198957
3198955
3198954
3198952
3198951
3198950
3198948
3198946
3198945
3198944
3198943
3198942
3198941
3199963
3199962
3199961
3199960
3199945
3199944
3199943
3199934
3199933
3199932
3199931
3199930
3199924
3199920
3199919
3199916
3199914
3199913
3199910
3199909
3199907
3199905
3199904
3199903
3199902
3199900
3199881
3199879
3199877
3199876
3199875
3199869
3199867
3199858
3199856
3199854
3199850
3199844
3199833
3199825
3199823
3199818
3199816
3199815
3199814
3199771
3199770
3199769
3199675
3199673
3199672
3199670
3199632
3199624
3199621
3199618
3199614
3199611
3199596
3199595
3199588
3199587
3199579
3199565
3199564
3199562
3199559
3199533
3199521
3199520
3199519
3199514
3199513
3199512
3199499
3199411
3199410
3199404
3199371
3199368
3199366
3199365
3199364
3199362
3199361
3199994
3200002
3200003
3200004
3200010
3200011
3200012
3200013
3200016
3200019
3200020
3200021
3200025
3200026
3200027
3200033
3200062
3200063
3200064
3200065
3200066
3200067
3200068
3200097
3200098
3200100
3200101
3200102
3200103
3200106
3200107
3200108
3200109
3200110
3200112
3200113
3200114
3200116
3200117
3200118
3200119
3200120
3200121
3200122
3200123
3200124
3200125
3200126
3200127
3200129
3200130
3200131
3200132
3200133
3200134
3200135
3200136
3200137
3200138
3200139
3200142
3200143
3200145
3200146
3200147
3200148
3200149
3200150
3200151
3200152
3200153
3200154
3200155
3200156
3200157
3200158
3200159
3200160
3200161
3200162
3200163
3200164
3200166
3200167
3200174
3200176
3200177
3200178
3200179
3200190
3200191
3200193
3200194
3200195
3200196
3200197
3200203
3200204
3200211
3200238
3200240
3200259
3200260
3200262
3200263
3200302
3200320
3200321
3200322
3200329
3200331
3200335
3200185
3200184
3185797
3185798
3185799
3185800
3185801
3185802
3185804
3185805
3185807
3185808
3185809
3185810
3185811
3185812
3185813
3185814
3185815
3185816
3185817
3185818
3185820
3185822
3185823
3185824
3185825
3185826
3185827
3185829
3185831
3185833
3185834
3185835
3185836
3185837
3185838
3185840
3185841
3185842
3185843
3185844
3185845
3185846
3185847
3185848
3185851
3185852
3185853
3185854
3185855
3185857
3185858
3185861
3185862
3185863
3185864
3185865
3185866
3185867
3185868
3185869
3185870
3185871
3185872
3185873
3185874
3185879
3185882
3185883
3185884
3185885
3185897
3185898
3185899
3185901
3185903
3185905
3185906
3185907
3185908
3185909
3185910
3185911
3185912
3185919
3185920
3185921
3185922
3185923
3185924
3185925
3185926
3185928
3185929
3185930
3200434
3200450
3200451
3200466
3200477
3200478
3200479
3200517
3200518
3200519
3200520
3200654
3200655
3200656
3200689
3200690
3200693
3200694
3200695
3200702
3200709
3200732
3200733
3200741
3200757
3200828
3200829
3200838
3200840
3200850
3200859
3200862
3200869
3200881
3200883
3200884
3200897
3200898
3200914
3200920
3200925
3200928
3200930
3200931
3200932
3200933
3200973
3200977
3200978
3200998
3201001
3201002
3201003
3201009
3201030
3201071
3201075
3201076
3201082
3201095
3201101
3201103
3201109
3201114
3201117
3201119
3201120
3201121
3201122
3201123
3201127
3201132
3201133
3201134
3201135
3201136
3201140
3201141
3201142
3201143
3201144
3201145
3201158
3201159
3201160
3201161
3201162
3201164
3201168
3201170
3201171
3201172
3201173
3201174
3201175
3201176
3201177
3201178
3201184
3201185
3201197
3201198
3201200
3201201
3201203
3201204
3200725
3190926
3167877
3167876
3200111
3200202
3200239
3200241
3200330
3200407
3200406
3200405
3201238
3201241
3201245
3201247
3201249
3201251
3201252
3201253
3201257
3201259
3201261
3201262
3201265
3201266
3201268
3201236
3201239
3201240
3201242
3201243
3201244
3201246
3201248
3201250
3201258
3201260
3201263
3201264
3201267
3201301
3201300
3201299
3201298
3201297
3201291
3201290
3201289
3201288
3201286
3201285
3201284
3201283
3201282
3201281
3201280
3201274
3201273
3201272
3201271
3201270
3201269
